# relative_time, cycles_done, cur_item, corpus_count, pending_total, pending_favs, map_size, saved_crashes, saved_hangs, max_depth, execs_per_sec, total_execs, edges_found, total_crashes, servers_count
60, 660, 0, 1, 0, 0, 0.00%, 990, 1, 1, 395.31, 23788, 0, 990, 0
65, 720, 0, 1, 0, 0, 0.00%, 1056, 1, 1, 423.08, 25937, 0, 1056, 0
71, 773, 0, 1, 0, 0, 0.00%, 1128, 1, 1, 375.88, 27856, 0, 1128, 0
76, 822, 0, 1, 0, 0, 0.00%, 1205, 1, 1, 338.12, 29607, 0, 1205, 0
81, 872, 0, 1, 0, 0, 0.00%, 1280, 1, 1, 354.92, 31420, 0, 1280, 0
86, 923, 0, 1, 0, 0, 0.00%, 1375, 1, 1, 355.11, 33260, 0, 1375, 0
91, 974, 0, 1, 0, 0, 0.00%, 1435, 1, 1, 367.25, 35108, 0, 1435, 0
96, 1021, 0, 1, 0, 0, 0.00%, 1517, 1, 1, 332.69, 36788, 0, 1517, 0
101, 1074, 0, 1, 0, 0, 0.00%, 1589, 1, 1, 366.03, 38708, 0, 1589, 0
106, 1121, 0, 1, 0, 0, 0.00%, 1671, 1, 1, 342.32, 40400, 0, 1671, 0
111, 1172, 0, 1, 0, 0, 0.00%, 1746, 1, 1, 359.03, 42224, 0, 1746, 0
116, 1224, 0, 1, 0, 0, 0.00%, 1839, 1, 1, 373.39, 44084, 0, 1839, 0
121, 1281, 0, 1, 0, 0, 0.00%, 1915, 1, 1, 401.22, 46157, 0, 1915, 0
126, 1344, 0, 1, 0, 0, 0.00%, 1975, 1, 1, 420.86, 48401, 0, 1975, 0
132, 1401, 0, 1, 0, 0, 0.00%, 2072, 1, 1, 402.24, 50453, 0, 2072, 0
137, 1458, 0, 1, 0, 0, 0.00%, 2170, 1, 1, 394.43, 52504, 0, 2170, 0
142, 1517, 0, 1, 0, 0, 0.00%, 2248, 1, 1, 411.64, 54653, 0, 2248, 0
147, 1576, 0, 1, 0, 0, 0.00%, 2328, 1, 1, 409.72, 56777, 0, 2328, 0
152, 1633, 0, 1, 0, 0, 0.00%, 2425, 1, 1, 395.67, 58816, 0, 2425, 0
157, 1689, 0, 1, 0, 0, 0.00%, 2513, 1, 1, 396.54, 60832, 0, 2513, 0
162, 1744, 0, 1, 0, 0, 0.00%, 2608, 1, 1, 395.07, 62817, 0, 2608, 0
167, 1801, 0, 1, 0, 0, 0.00%, 2694, 1, 1, 406.35, 64865, 0, 2694, 0
173, 1862, 0, 1, 0, 0, 0.00%, 2768, 1, 1, 421.91, 67053, 0, 2768, 0
178, 1918, 0, 1, 0, 0, 0.00%, 2856, 1, 1, 403.17, 69064, 0, 2856, 0
183, 1978, 0, 1, 0, 0, 0.00%, 2931, 1, 1, 420.66, 71249, 0, 2931, 0
188, 2036, 0, 1, 0, 0, 0.00%, 3012, 1, 1, 411.58, 73325, 0, 3012, 0
193, 2095, 0, 1, 0, 0, 0.00%, 3092, 1, 1, 416.91, 75464, 0, 3092, 0
198, 2154, 0, 1, 0, 0, 0.00%, 3162, 1, 1, 427.70, 77585, 0, 3162, 0
203, 2209, 0, 1, 0, 0, 0.00%, 3258, 1, 1, 398.94, 79564, 0, 3258, 0
208, 2266, 0, 1, 0, 0, 0.00%, 3346, 1, 1, 380.03, 81604, 0, 3346, 0
214, 2322, 0, 1, 0, 0, 0.00%, 3418, 1, 1, 385.42, 83601, 0, 3418, 0
217, 2360, 0, 1, 0, 0, 0.00%, 3478, 1, 1, 375.87, 84969, 0, 3478, 0
